##TITLE= Parameter file, TOPSPIN		Version 1.3
##JCAMPDX= 5.0
##DATATYPE= Parameter Values
##ORIGIN= Bruker BioSpin GmbH
##OWNER= fragai
$$ 2016-11-14 11:28:15.414 +0100  fragai@av700b.intranet.nmr
$$ /opt/topspin/data/fragai/nmr/MDM2_pep_p53_141116/7/pdata/1/clevels
##$LEVELS= (0..255)
-1522305.2 -1383913.8 -1258103.5 -1143730.4 -1039755 -945231.8 -859301.6 
-781183.3 -710166.6 -645606 -586914.6 -533558.7 -485053.4 -440957.6 -400870.5 
-364427.8 -331298 -301180 -273800 -248909.1 -226281 -205710 -187009.1 
-170008.2 -154552.9 -140502.7 -127729.7 -116117.9 -105561.7 -95965.2 -87241.1 
-79310.1 79310.1 87241.1 95965.2 105561.7 116117.9 127729.7 140502.7 154552.9 
170008.2 187009.1 205710 226281 248909.1 273800 301180 331298 364427.8 
400870.5 440957.6 485053.4 533558.7 586914.6 645606 710166.6 781183.3 
859301.6 945231.8 1039755 1143730.4 1258103.5 1383913.8 1522305.2 0 0 
0 0 0 0 0 0 0 0 0 0 0 0 0 0 0 0 0 0 0 0 0 0 0 0 0 0 0 0 0 0 0 0 0 0 0 
0 0 0 0 0 0 0 0 0 0 0 0 0 0 0 0 0 0 0 0 0 0 0 0 0 0 0 0 0 0 0 0 0 0 0 
0 0 0 0 0 0 0 0 0 0 0 0 0 0 0 0 0 0 0 0 0 0 0 0 0 0 0 0 0 0 0 0 0 0 0 
0 0 0 0 0 0 0 0 0 0 0 0 0 0 0 0 0 0 0 0 0 0 0 0 0 0 0 0 0 0 0 0 0 0 0 
0 0 0 0 0 0 0 0 0 0 0 0 0 0 0 0 0 0 0 0 0 0 0 0 0 0 0 0 0 0 0 0 0 0 0 
0 0 0 0 0 0 0 0 0 0 0 0 0 0 0
##$LEVSIGN= 3
##$MAXLEV= 32
##$METHOD= 0
##$NEGBASE= -79310.1
##$NEGINCR= 1.1
##$POSBASE= 79310.1
##$POSINCR= 1.1
##END=
