##TITLE= Parameter file, TOPSPIN		Version 1.3
##JCAMPDX= 5.0
##DATATYPE= Parameter Values
##ORIGIN= Bruker BioSpin GmbH
##OWNER= fragai
$$ 2016-11-12 10:07:45.593 +0100  fragai@av700b.intranet.nmr
$$ /opt/topspin/data/fragai/nmr/MDM2_MTG-397_121116/3/pdata/1/clevels
##$LEVELS= (0..255)
-1800284.63448872 -1636622.39498974 -1487838.54875283 -1352580.49886621 
-1229618.65889213 -1117835.13659432 -1016213.71342188 -923830.687830688 
-839846.064139941 -763496.469063816 -694087.636324371 -630988.791707159 
-573626.174279235 -521478.371666127 -474071.223409999 -430973.847316704 
-391794.406651549 -356176.741172659 -323796.998164345 -294360.954540546 
-267600.820645719 -243273.512579635 -221157.715149552 -201052.499730051 
-182774.991901522 -166159.075693769 -151053.665910809 -137321.585141993 
-124837.749703056 -113488.910484829 -103171.752510528 -93792.4630169528 
93792.4630169528 103171.752510528 113488.910484829 124837.749703056 137321.585141993 
151053.665910809 166159.075693769 182774.991901522 201052.499730051 221157.715149552 
243273.512579635 267600.820645719 294360.954540546 323796.998164345 356176.741172659 
391794.406651549 430973.847316704 474071.223409999 521478.371666127 573626.174279235 
630988.791707159 694087.636324371 763496.469063816 839846.064139941 923830.687830688 
1016213.71342188 1117835.13659432 1229618.65889213 1352580.49886621 1487838.54875283 
1636622.39498974 1800284.63448872 0 0 0 0 0 0 0 0 0 0 0 0 0 0 0 0 0 0 
0 0 0 0 0 0 0 0 0 0 0 0 0 0 0 0 0 0 0 0 0 0 0 0 0 0 0 0 0 0 0 0 0 0 0 
0 0 0 0 0 0 0 0 0 0 0 0 0 0 0 0 0 0 0 0 0 0 0 0 0 0 0 0 0 0 0 0 0 0 0 
0 0 0 0 0 0 0 0 0 0 0 0 0 0 0 0 0 0 0 0 0 0 0 0 0 0 0 0 0 0 0 0 0 0 0 
0 0 0 0 0 0 0 0 0 0 0 0 0 0 0 0 0 0 0 0 0 0 0 0 0 0 0 0 0 0 0 0 0 0 0 
0 0 0 0 0 0 0 0 0 0 0 0 0 0 0 0 0 0 0 0 0 0 0 0 0 0 0 0 0 0 0 0 0 0
##$LEVSIGN= 3
##$MAXLEV= 32
##$METHOD= 0
##$NEGBASE= -108576.5
##$NEGINCR= 1.1
##$POSBASE= 108576.5
##$POSINCR= 1.1
##END=
