##TITLE= Parameter file, TOPSPIN		Version 1.3
##JCAMPDX= 5.0
##DATATYPE= Parameter Values
##ORIGIN= Bruker BioSpin GmbH
##OWNER= fragai
$$ 2016-11-12 14:41:45.926 +0100  fragai@av700b.intranet.nmr
$$ /opt/topspin/data/fragai/nmr/MDM2_MTG-397_121116/13/pdata/1/clevels
##$LEVELS= (0..255)
-2019782.275 -1836165.7 -1669241.55 -1517492.3125 -1379538.475 -1254125.875 
-1140114.4375 -1036467.675 -942243.3375 -856584.85 -778713.5 -707921.3625 
-643564.875 -585058.975 -531871.8 -483519.8125 -439563.475 -399603.15 
-363275.6 -330250.5375 -300227.7625 -272934.3375 -248122.125 -225565.5625 
-205059.6 -186417.825 -169470.75 -154064.3125 -140058.4625 -127325.875 
-115750.8 -105228 105228 115750.8 127325.875 140058.4625 154064.3125 169470.75 
186417.825 205059.6 225565.5625 248122.125 272934.3375 300227.7625 330250.5375 
363275.6 399603.15 439563.475 483519.8125 531871.8 585058.975 643564.875 
707921.3625 778713.5 856584.85 942243.3375 1036467.675 1140114.4375 1254125.875 
1379538.475 1517492.3125 1669241.55 1836165.7 2019782.275 0 0 0 0 0 0 
0 0 0 0 0 0 0 0 0 0 0 0 0 0 0 0 0 0 0 0 0 0 0 0 0 0 0 0 0 0 0 0 0 0 0 
0 0 0 0 0 0 0 0 0 0 0 0 0 0 0 0 0 0 0 0 0 0 0 0 0 0 0 0 0 0 0 0 0 0 0 
0 0 0 0 0 0 0 0 0 0 0 0 0 0 0 0 0 0 0 0 0 0 0 0 0 0 0 0 0 0 0 0 0 0 0 
0 0 0 0 0 0 0 0 0 0 0 0 0 0 0 0 0 0 0 0 0 0 0 0 0 0 0 0 0 0 0 0 0 0 0 
0 0 0 0 0 0 0 0 0 0 0 0 0 0 0 0 0 0 0 0 0 0 0 0 0 0 0 0 0 0 0 0 0 0 0 
0 0 0 0 0 0 0 0 0 0 0
##$LEVSIGN= 3
##$MAXLEV= 32
##$METHOD= 0
##$NEGBASE= -841824
##$NEGINCR= 1.1
##$POSBASE= 841824
##$POSINCR= 1.1
##END=
